RMSE:0.5151350661480625
CRPS:0.4033862917685508
