RMSE:0.4843474437087872
CRPS:0.3670857267272472
