RMSE:0.5692100699675887
CRPS:0.3940231530064344
