RMSE:0.7865840238904326
CRPS:0.5218964995068313
