RMSE:0.1494120652524965
CRPS:0.10027656843263656
