RMSE:0.17791129671523742
CRPS:0.09670658058166504
